Lambda:  0.001 , Average MSE:  0.018558599348873647
Parameters:  [ 1.49785590e+00 -8.65479256e-06  4.24542722e-01 -1.52560699e-02
  1.51452909e-01 -5.98664396e-02 -3.45599414e-02  7.85135466e-02
  1.63868536e-01 -2.69098224e-01 -1.64014332e-01 -1.08012936e-02
 -4.78825180e-01  6.02143456e-02 -2.16971152e-01 -1.68958209e-01
  4.96391869e-02 -1.80852312e-01  1.37395060e-01  4.13003071e-02
 -1.16720597e-01  2.43978181e-01  6.65793579e-02 -3.32358174e-01
 -2.87968487e-02 -3.75868000e-02  7.24241419e-03  2.66554683e-02
  6.11731814e-02  2.88430698e-02 -2.28406368e-01 -1.30232022e-01
  3.08952418e-02  6.49818340e-02 -2.33593538e-04  2.15346387e-01
 -7.08954564e-02 -5.11318279e-02  1.19398870e-01  1.66778722e-01
  3.56056001e-01  2.25465002e-01  5.53489812e-02 -4.04759085e-01
 -1.29203602e-01  6.01972630e-02 -4.22103605e-01 -1.76010992e-03
  6.11639338e-03  2.80878318e-02 -1.66061371e-01 -5.53352915e-02
  1.34155357e-01 -1.58163880e-01  5.98963767e-02 -3.71824222e-02
 -2.18476675e-02  2.83915584e-02 -1.23962898e-01 -1.26396934e-02
  3.77882893e-01 -2.84933344e-01 -2.98157962e-02 -1.72360057e-01
  9.54716214e-02 -2.81729106e-01  5.93364571e-01 -7.08877175e-02
 -2.26421999e-01 -6.39114958e-01  1.70457526e-01  1.22542421e-01
  3.42292122e-02  1.14873816e-01 -4.57205358e-02  5.15419007e-01
  6.13916924e-02 -7.89332073e-02 -1.63296232e-02  2.38264034e-02
 -8.85392513e-03 -2.70852659e-01  1.58110141e-01  3.50135662e-02
 -2.32771930e-01  1.05032528e-01 -5.94980800e-02  2.58525030e-01
  5.43351053e-02 -4.89098126e-02 -8.76545597e-02  1.08496148e-01
  1.37142229e-01  1.97718855e-01 -1.90464096e-02 -2.81221280e-02
  4.25449969e-02  2.74246405e-02 -1.06404029e+00 -1.18431506e+00
 -7.45271412e-01  6.33905500e-01 -2.03691628e-01  3.87547272e-02
  1.40723726e-01  6.74405275e-01 -3.92378538e-02 -9.70068842e-02
  1.02144611e-01  1.34941041e-01  3.75393725e-02 -1.88032585e-01
 -6.29864186e-02 -1.75014628e-02 -1.63684771e-02  4.86177078e-03
 -1.48308917e-02 -5.39664688e-02  1.20852326e-01  5.05537898e-01
 -1.02785626e-01  3.01098862e-02  5.33610418e-04 -1.57352540e-01]


Lambda:  7.778666666666666 , Average MSE:  0.018043059603598748
Parameters:  [ 5.14182051e-02 -9.48382307e-06 -1.73590090e-03  2.48050444e-02
  1.38210946e-01 -5.91517694e-02 -2.50456416e-02  4.64820278e-02
  1.43683225e-02 -3.60790445e-02 -1.86585437e-02  4.51856375e-02
 -6.73159157e-03  4.54389600e-02  9.80628579e-03 -2.30282493e-02
  2.47310490e-02 -6.04303457e-02  4.75877647e-02  4.79121904e-02
 -5.16371207e-02  2.91370093e-03 -1.19361852e-02 -1.62749460e-02
 -1.87579894e-02 -2.81868115e-02  1.61480355e-02  2.32781307e-02
  4.00986608e-02 -6.42633760e-03 -5.31260240e-02 -4.86870525e-02
  2.13692323e-02  2.16029257e-03 -6.02396526e-03  4.03102712e-02
 -1.97030368e-02 -7.80609865e-03  4.06453982e-02  2.24571766e-02
  8.18338614e-02  5.10892472e-02  9.31345243e-03  3.66317296e-02
  2.27579307e-02 -5.47513651e-02 -8.52630954e-02 -4.34190663e-02
 -1.89298041e-02 -2.03353403e-02 -5.57789420e-02  6.54690182e-03
  1.60602383e-01 -2.49885925e-02  2.03980939e-02 -2.04572237e-02
 -3.69229339e-03 -1.06308984e-03 -6.66523610e-03  6.09917607e-03
  2.47857584e-02  2.66404298e-02  2.49568680e-02 -3.12389412e-02
 -1.18937487e-02 -2.60217475e-02  3.24428231e-02 -9.66574349e-03
  1.55535610e-02 -1.96656211e-02  4.64660106e-02  6.62855057e-02
  1.09071790e-02  7.30505825e-02 -5.01965500e-02  7.60169808e-03
  6.34307067e-02 -3.65848265e-02  1.35054609e-02  3.25258743e-02
 -3.13991467e-03 -2.25809028e-02 -4.25906813e-03  4.04119940e-03
 -7.24002968e-02  1.91533988e-02  3.12436042e-02  4.42168318e-02
  5.08600915e-02 -2.86673798e-03 -6.96236317e-02  6.24606539e-02
  8.93583812e-02  4.45013622e-02 -2.61724350e-02  5.64569428e-03
  4.45601818e-02  6.52806131e-03 -4.30684616e-03 -1.21890899e-03
  5.14817482e-02  1.60146720e-02 -4.34153514e-03  3.43054377e-02
  5.01973154e-02 -9.86987936e-04 -2.49032269e-02 -6.82075749e-04
  2.89760659e-02  9.53264121e-03  1.85587236e-02  1.53495609e-02
  6.84939860e-04  5.82927455e-03 -4.43695580e-03  1.34115551e-02
  7.46344631e-03 -2.20123010e-02  4.01929647e-02  4.59915236e-03
  4.86003845e-02  3.15324933e-02  2.26892931e-02  1.96010730e-03]


Lambda:  15.556333333333331 , Average MSE:  0.018136919696217186
Parameters:  [ 3.70385878e-02 -9.51776815e-06  5.24551780e-03  1.55747094e-02
  1.27670537e-01 -6.39255460e-02 -2.07562506e-02  3.08843172e-02
  6.09434467e-03 -1.99275308e-02 -1.24830988e-02  3.39305373e-02
  2.95681572e-03  4.54139130e-02  4.97843359e-03 -1.56637436e-02
  1.61199282e-02 -4.26755624e-02  3.41362006e-02  4.39761905e-02
 -3.21853973e-02 -4.50182456e-04 -3.07157995e-03  2.75232092e-03
 -1.62258053e-02 -2.32166330e-02  1.64847593e-02  2.07649689e-02
  3.34741582e-02  4.30177638e-03 -2.21059579e-02 -2.70233828e-02
  2.12300091e-02 -3.23738713e-03  1.34604742e-03  2.16333913e-02
 -1.29989588e-02 -5.85369819e-03  2.86084887e-02  1.07768573e-02
  7.01675652e-02  3.59478523e-02  2.77723020e-02  4.50304395e-02
  1.71153765e-02 -5.12960900e-02 -7.06874124e-02 -4.59288217e-02
 -2.74241715e-02 -1.62922666e-02 -3.79447456e-02  1.49202549e-02
  1.39514637e-01 -1.09965346e-02  1.27424228e-02 -1.33391633e-02
 -3.24440049e-03  1.60190098e-03 -2.91193319e-04  7.69353445e-03
  1.91034130e-02  2.22255713e-02  2.42146045e-02 -1.58586821e-02
  2.63285147e-03 -8.69325734e-03  1.89893291e-02 -6.93127248e-03
  1.62751253e-02 -1.18979265e-02  3.76793374e-02  5.15868328e-02
  6.66812416e-03  5.83695401e-02 -4.43980045e-02  5.46296622e-03
  6.04180566e-02 -2.46056337e-02  1.88096649e-02  3.28337420e-02
 -2.88901758e-04 -1.42074429e-02 -3.07736605e-03  3.67788703e-03
 -4.14697917e-02  1.30375676e-02  2.22382202e-02  2.80143802e-02
  4.31433053e-02  5.36305962e-03 -5.56971786e-02  4.48109706e-02
  6.50214290e-02  2.97283419e-02 -2.36868075e-02  4.06414925e-03
  3.77898740e-02  4.80765353e-03 -9.85237811e-04  2.38593965e-03
  3.56659245e-02  1.28668769e-02  2.79338872e-03  2.81094054e-02
  3.97947877e-02  2.49755234e-03 -1.84651045e-02  1.56067167e-03
  2.85589252e-02  5.40226057e-03  1.58496776e-02  1.64571369e-02
  3.18397361e-03  8.70417969e-03 -2.95081699e-03  1.19387703e-02
  9.80293759e-03 -1.27547867e-02  2.99256200e-02  4.70227299e-03
  4.04149648e-02  3.12058989e-02  2.63424264e-02  5.13528104e-03]


Lambda:  23.334 , Average MSE:  0.01822191253477674
Parameters:  [ 3.11843506e-02 -9.40135008e-06  9.00536330e-03  1.11553162e-02
  1.20669917e-01 -6.50527429e-02 -1.69069563e-02  2.41582213e-02
  3.02969652e-03 -1.40042440e-02 -1.05150440e-02  2.84108023e-02
  7.64719094e-03  4.54977579e-02  2.67819082e-03 -1.29536503e-02
  1.08847783e-02 -3.54135614e-02  2.80299412e-02  4.23057927e-02
 -2.22336791e-02 -1.80356298e-03  1.73195188e-04  9.40487269e-03
 -1.41430005e-02 -1.93531174e-02  1.62644548e-02  1.89128618e-02
  2.94443574e-02  9.33547083e-03 -7.76066986e-03 -1.66028513e-02
  2.16261856e-02 -4.29683079e-03  6.42418575e-03  1.39189410e-02
 -1.03000692e-02 -5.17242810e-03  2.34816242e-02  7.01253912e-03
  6.51503969e-02  2.93700192e-02  3.50007676e-02  4.80503775e-02
  1.48592403e-02 -4.95175493e-02 -6.46400041e-02 -4.61398623e-02
 -3.14071097e-02 -1.23882382e-02 -2.92239059e-02  1.81123807e-02
  1.26269779e-01 -5.38817865e-03  9.24137597e-03 -9.63656160e-03
 -1.67586020e-03  3.42211984e-03  1.79685234e-03  8.00233717e-03
  1.65191847e-02  1.95586525e-02  2.29428576e-02 -9.70987328e-03
  8.91066387e-03 -1.22634454e-03  1.41202412e-02 -6.08836428e-03
  1.69227295e-02 -9.85658934e-03  3.42455090e-02  4.44654947e-02
  4.31656871e-03  5.15985455e-02 -3.99257745e-02  3.95176065e-03
  5.81153177e-02 -1.80579131e-02  2.09764870e-02  3.32958108e-02
  1.90728355e-03 -1.07118100e-02 -2.16463647e-03  4.01628652e-03
 -2.84583828e-02  1.04592116e-02  1.75066262e-02  2.14874377e-02
  3.89353362e-02  8.63752227e-03 -4.63081519e-02  3.69262291e-02
  5.24752939e-02  2.34150425e-02 -2.16745519e-02  3.02872110e-03
  3.35212730e-02  4.02385855e-03  1.15299121e-03  4.04002640e-03
  2.84168542e-02  1.18371345e-02  5.41604156e-03  2.47195790e-02
  3.40303769e-02  4.11293628e-03 -1.48843517e-02  1.88022329e-03
  2.80422741e-02  4.07430061e-03  1.42789619e-02  1.67322632e-02
  4.37148690e-03  9.75294574e-03 -1.53036831e-03  1.16791446e-02
  1.06628165e-02 -7.72887221e-03  2.57707605e-02  5.28874379e-03
  3.43663169e-02  3.00314545e-02  2.82262903e-02  6.17382677e-03]


Lambda:  31.111666666666665 , Average MSE:  0.01830552437086586
Parameters:  [ 2.79112489e-02 -9.22469509e-06  1.13249229e-02  8.58301864e-03
  1.15347647e-01 -6.50041914e-02 -1.38533079e-02  2.04812489e-02
  1.43514413e-03 -1.08549657e-02 -9.53156841e-03  2.50826296e-02
  1.04418509e-02  4.55065386e-02  1.23462530e-03 -1.15136912e-02
  7.28044180e-03 -3.14707266e-02  2.44807785e-02  4.14268680e-02
 -1.62021329e-02 -2.64407371e-03  1.62691126e-03  1.24334849e-02
 -1.24983678e-02 -1.63450065e-02  1.58255729e-02  1.74594753e-02
  2.65657687e-02  1.22724647e-02  5.42887004e-04 -1.03575795e-02
  2.19575108e-02 -4.54171123e-03  9.95877035e-03  9.67685956e-03
 -8.82706847e-03 -4.63768985e-03  2.06009948e-02  5.24971160e-03
  6.20997792e-02  2.55723675e-02  3.87068919e-02  4.94021327e-02
  1.36530864e-02 -4.82162910e-02 -6.10139920e-02 -4.58013533e-02
 -3.35190547e-02 -9.43018059e-03 -2.38009042e-02  1.96968173e-02
  1.17081270e-01 -2.32837331e-03  7.34436677e-03 -7.21195236e-03
 -2.07503423e-04  4.82048213e-03  2.75346282e-03  8.02003368e-03
  1.49874730e-02  1.78305596e-02  2.17030124e-02 -6.32120094e-03
  1.22855466e-02  2.86286630e-03  1.15962349e-02 -5.62032009e-03
  1.74332074e-02 -9.18397152e-03  3.22732090e-02  4.01912518e-02
  2.67787592e-03  4.75523066e-02 -3.65513523e-02  2.76744766e-03
  5.62618886e-02 -1.38488943e-02  2.18103783e-02  3.36810521e-02
  3.68410628e-03 -8.71872734e-03 -1.55080655e-03  4.24793206e-03
 -2.14049755e-02  8.95189403e-03  1.46295961e-02  1.78630539e-02
  3.61863937e-02  1.03772381e-02 -3.94406453e-02  3.24156556e-02
  4.48086693e-02  1.98878960e-02 -2.00280807e-02  2.37396958e-03
  3.05780050e-02  3.60072375e-03  2.49916729e-03  4.99747802e-03
  2.42171157e-02  1.12823646e-02  6.71229642e-03  2.24870410e-02
  3.02436838e-02  5.05161145e-03 -1.25321163e-02  1.84970045e-03
  2.75164490e-02  3.55882653e-03  1.32049221e-02  1.68284932e-02
  5.02417594e-03  1.02337511e-02 -4.09374188e-04  1.17026984e-02
  1.10496036e-02 -4.40190412e-03  2.34764201e-02  5.71677030e-03
  3.00503049e-02  2.86917880e-02  2.93676710e-02  6.66328088e-03]


Lambda:  38.889333333333326 , Average MSE:  0.018390106079417545
Parameters:  [ 2.57913723e-02 -9.01928231e-06  1.28836903e-02  6.90830578e-03
  1.11016100e-01 -6.44565623e-02 -1.14485272e-02  1.82001126e-02
  4.83294745e-04 -8.83822663e-03 -8.88766460e-03  2.28289523e-02
  1.22890588e-02  4.54330990e-02  1.99406464e-04 -1.05941636e-02
  4.63625758e-03 -2.89781241e-02  2.21419757e-02  4.08716370e-02
 -1.21698778e-02 -3.25963954e-03  2.32212538e-03  1.39552376e-02
 -1.11966554e-02 -1.39625019e-02  1.53013230e-02  1.62728464e-02
  2.43397926e-02  1.41834947e-02  5.94461620e-03 -6.15367176e-03
  2.22070067e-02 -4.57971281e-03  1.25291328e-02  7.00595872e-03
 -7.88089622e-03 -4.15519173e-03  1.87617159e-02  4.23109615e-03
  5.99175012e-02  2.30954575e-02  4.08368827e-02  5.00127758e-02
  1.29036378e-02 -4.71334756e-02 -5.84371512e-02 -4.52767756e-02
 -3.46947028e-02 -7.19143396e-03 -2.00376171e-02  2.05795711e-02
  1.10219587e-01 -3.88703018e-04  6.23253190e-03 -5.43114055e-03
  1.04775358e-03  5.93865502e-03  3.29856176e-03  7.97709871e-03
  1.39754162e-02  1.66335499e-02  2.05855250e-02 -4.12485851e-03
  1.43221506e-02  5.39348657e-03  1.00415023e-02 -5.28048530e-03
  1.77867844e-02 -8.98474395e-03  3.09232677e-02  3.73291520e-02
  1.41402039e-03  4.47854280e-02 -3.39123483e-02  1.80112012e-03
  5.47125155e-02 -1.08875570e-02  2.19959278e-02  3.39542854e-02
  5.15440198e-03 -7.42617463e-03 -1.13906351e-03  4.35754635e-03
 -1.70351524e-02  7.92277506e-03  1.26748042e-02  1.55044030e-02
  3.42125770e-02  1.14442179e-02 -3.41465534e-02  2.94769893e-02
  3.96219745e-02  1.76430284e-02 -1.86380827e-02  1.94578190e-03
  2.84170961e-02  3.36416952e-03  3.40080632e-03  5.60705806e-03
  2.14693275e-02  1.09050717e-02  7.44925645e-03  2.08678507e-02
  2.75293406e-02  5.65020490e-03 -1.08370748e-02  1.75372748e-03
  2.70051561e-02  3.35662819e-03  1.24146192e-02  1.68431598e-02
  5.41797349e-03  1.04740312e-02  4.65544633e-04  1.17888472e-02
  1.12635148e-02 -1.97742487e-03  2.19855228e-02  6.01213434e-03
  2.68619581e-02  2.73834247e-02  3.01148374e-02  6.92419805e-03]


Lambda:  46.666999999999994 , Average MSE:  0.018476402948040947
Parameters:  [ 2.42932844e-02 -8.79914004e-06  1.39889650e-02  5.73729910e-03
  1.07341619e-01 -6.36713277e-02 -9.53208326e-03  1.66680991e-02
 -1.23172606e-04 -7.39246242e-03 -8.38759443e-03  2.11873883e-02
  1.35875171e-02  4.52928859e-02 -6.02561706e-04 -9.93869124e-03
  2.61680292e-03 -2.72411032e-02  2.04775045e-02  4.04646420e-02
 -9.29592183e-03 -3.74766978e-03  2.64275375e-03  1.47309930e-02
 -1.01535248e-02 -1.20419870e-02  1.47512848e-02  1.52763236e-02
  2.25350676e-02  1.55096135e-02  9.72287523e-03 -3.10969408e-03
  2.23949384e-02 -4.56278266e-03  1.44685753e-02  5.18111579e-03
 -7.20415831e-03 -3.71522093e-03  1.74973524e-02  3.55410812e-03
  5.82053122e-02  2.13663634e-02  4.21247174e-02  5.02322318e-02
  1.23916404e-02 -4.61804091e-02 -5.64251617e-02 -4.46826443e-02
 -3.53449339e-02 -5.45977043e-03 -1.72508371e-02  2.10967237e-02
  1.04824950e-01  9.54891251e-04  5.55725436e-03 -4.03247649e-03
  2.11156480e-03  6.85608055e-03  3.66594200e-03  7.93584758e-03
  1.32659949e-02  1.57649377e-02  1.95932466e-02 -2.55371096e-03
  1.56421474e-02  7.08287915e-03  8.97879515e-03 -5.00114204e-03
  1.80118265e-02 -8.97945866e-03  2.99059535e-02  3.52781947e-02
  3.82946614e-04  4.27289105e-02 -3.17750723e-02  9.89845921e-04
  5.33800396e-02 -8.67817821e-03  2.18402397e-02  3.41270479e-02
  6.38923258e-03 -6.52581736e-03 -8.61726351e-04  4.38044218e-03
 -1.40935074e-02  7.15311217e-03  1.12416111e-02  1.38144983e-02
  3.27073302e-02  1.21519594e-02 -2.99141370e-02  2.73980142e-02
  3.58673924e-02  1.60982513e-02 -1.74359626e-02  1.65863470e-03
  2.67578172e-02  3.23700141e-03  4.03592038e-03  6.01607525e-03
  1.95296716e-02  1.06144280e-02  7.90266102e-03  1.96206084e-02
  2.54718256e-02  6.05204951e-03 -9.53963886e-03  1.66133712e-03
  2.65154027e-02  3.29255706e-03  1.18032768e-02  1.68092892e-02
  5.66952532e-03  1.05952847e-02  1.15772390e-03  1.18745848e-02
  1.14107299e-02 -1.06753096e-04  2.09146151e-02  6.21780580e-03
  2.44234254e-02  2.61657774e-02  3.06222899e-02  7.06768818e-03]


Lambda:  54.444666666666656 , Average MSE:  0.01856458947194109
Parameters:  [ 2.31710290e-02 -8.57142300e-06  1.48007322e-02  4.87752697e-03
  1.04137060e-01 -6.27695575e-02 -7.98132183e-03  1.55816393e-02
 -5.20738209e-04 -6.27600214e-03 -7.95817346e-03  1.99305274e-02
  1.45371147e-02  4.51015877e-02 -1.25521380e-03 -9.43676826e-03
  1.03039570e-03 -2.59451745e-02  1.92295537e-02  4.01314255e-02
 -7.15252579e-03 -4.15230563e-03  2.76023806e-03  1.50966895e-02
 -9.30589343e-03 -1.04692522e-02  1.42036617e-02  1.44214771e-02
  2.10248063e-02  1.64685440e-02  1.24999567e-02 -7.91865628e-04
  2.25383440e-02 -4.53558099e-03  1.59748518e-02  3.86292058e-03
 -6.68167707e-03 -3.31480949e-03  1.65854297e-02  3.05774634e-03
  5.67822161e-02  2.01055029e-02  4.29120870e-02  5.02237105e-02
  1.20178926e-02 -4.53169170e-02 -5.47610622e-02 -4.40655138e-02
 -3.56768608e-02 -4.08937430e-03 -1.50946805e-02  2.14012010e-02
  1.00422098e-01  1.94130457e-03  5.14492026e-03 -2.88553940e-03
  3.01968922e-03  7.62369890e-03  3.94713360e-03  7.91249842e-03
  1.27500180e-02  1.51131915e-02  1.87111805e-02 -1.35338777e-03
  1.65392468e-02  8.27066288e-03  8.19997037e-03 -4.75743390e-03
  1.81400137e-02 -9.05988456e-03  2.90927170e-02  3.37379392e-02
 -4.88187246e-04  4.11110245e-02 -2.99934689e-02  2.94260310e-04
  5.22088324e-02 -6.96025388e-03  2.14974620e-02  3.42187678e-02
  7.43825351e-03 -5.86908161e-03 -6.75648746e-04  4.34560158e-03
 -1.19978874e-02  6.54225540e-03  1.01322856e-02  1.25231332e-02
  3.15096347e-02  1.26424534e-02 -2.64389480e-02  2.58398801e-02
  3.30146747e-02  1.49783227e-02 -1.63775986e-02  1.46352795e-03
  2.54400224e-02  3.17841383e-03  4.50029797e-03  6.29936103e-03
  1.80871861e-02  1.03741235e-02  8.19465415e-03  1.86192154e-02
  2.38491293e-02  6.33030134e-03 -8.50329273e-03  1.58927959e-03
  2.60487676e-02  3.29360723e-03  1.13121395e-02  1.67437347e-02
  5.83557900e-03  1.06516951e-02  1.71476575e-03  1.19416144e-02
  1.15320049e-02  1.39204397e-03  2.00917331e-02  6.36269728e-03
  2.25034814e-02  2.50522985e-02  3.09705675e-02  7.14360572e-03]


Lambda:  62.222333333333324 , Average MSE:  0.018654610752710833
Parameters:  [ 2.22943108e-02 -8.34010414e-06  1.54110289e-02  4.22376697e-03
  1.01287000e-01 -6.18137150e-02 -6.70765831e-03  1.47800263e-02
 -7.82089009e-04 -5.36847488e-03 -7.56834744e-03  1.89327108e-02
  1.52501696e-02  4.48717810e-02 -1.80442467e-03 -9.03303176e-03
 -2.42111008e-04 -2.49284050e-02  1.82579297e-02  3.98375519e-02
 -5.49881548e-03 -4.49740272e-03  2.76082818e-03  1.52211716e-02
 -8.60796168e-03 -9.16349049e-03  1.36719851e-02  1.36758698e-02
  1.97318120e-02  1.71811106e-02  1.46161171e-02  1.03923742e-03
  2.26489995e-02 -4.51162036e-03  1.71714865e-02  2.87102742e-03
 -6.25518278e-03 -2.95047177e-03  1.59051733e-02  2.66755978e-03
  5.55534025e-02  1.91575561e-02  4.33804550e-02  5.00739626e-02
  1.17313107e-02 -4.45211140e-02 -5.33317479e-02 -4.34464644e-02
 -3.58053125e-02 -2.98257126e-03 -1.33722108e-02  2.15723193e-02
  9.67258458e-02  2.69560616e-03  4.89979028e-03 -1.91670578e-03
  3.80302806e-03  8.27612826e-03  4.18242362e-03  7.90917787e-03
  1.23653201e-02  1.46117461e-02  1.79226058e-02 -3.92874660e-04
  1.71690289e-02  9.13775611e-03  7.60020404e-03 -4.53812760e-03
  1.81970108e-02 -9.17816748e-03  2.84166698e-02  3.25401706e-02
 -1.24169068e-03  3.97847771e-02 -2.84734424e-02 -3.11618634e-04
  5.11616381e-02 -5.58281689e-03  2.10512849e-02  3.42473193e-02
  8.33790266e-03 -5.37427012e-03 -5.53012230e-04  4.27288269e-03
 -1.04424377e-02  6.03703220e-03  9.23850415e-03  1.14900350e-02
  3.05259045e-02  1.29902305e-02 -2.35266079e-02  2.46207830e-02
  3.07666979e-02  1.41355029e-02 -1.54330990e-02  1.33079629e-03
  2.43654204e-02  3.16459029e-03  4.84927123e-03  6.49922977e-03
  1.69728590e-02  1.01668020e-02  8.38708180e-03  1.77904233e-02
  2.25305912e-02  6.52645028e-03 -7.64884354e-03  1.53952104e-03
  2.56047998e-02  3.32593420e-03  1.09056673e-02  1.66567568e-02
  5.94674039e-03  1.06704336e-02  2.17036027e-03  1.19860934e-02
  1.16433991e-02  2.62515569e-03  1.94283287e-02  6.46519427e-03
  2.09555593e-02  2.40401193e-02  3.12065701e-02  7.17784900e-03]


Lambda:  70.0 , Average MSE:  0.01874631672546646
Parameters:  [ 2.15873611e-02 -8.10751560e-06  1.58768331e-02  3.71358440e-03
  9.87151893e-02 -6.08382888e-02 -5.64730445e-03  1.41705384e-02
 -9.49975441e-04 -4.60339432e-03 -7.20376726e-03  1.81184358e-02
  1.57950897e-02  4.46130427e-02 -2.27769806e-03 -8.69659668e-03
 -1.27929876e-03 -2.40994059e-02  1.74794818e-02  3.95660885e-02
 -4.18875174e-03 -4.79743085e-03  2.69169624e-03  1.51972524e-02
 -8.02637221e-03 -8.06637336e-03  1.31625035e-02  1.30168004e-02
  1.86055509e-02  1.77201347e-02  1.62733703e-02  2.52702429e-03
  2.27349150e-02 -4.49432701e-03  1.81393457e-02  2.10085008e-03
 -5.89252230e-03 -2.61830219e-03  1.53849558e-02  2.34529619e-03
  5.44640185e-02  1.84284922e-02  4.36353010e-02  4.98333557e-02
  1.15030778e-02 -4.37794672e-02 -5.20716667e-02 -4.28357107e-02
 -3.57985726e-02 -2.07285317e-03 -1.19619829e-02  2.16551806e-02
  9.35539254e-02  3.28991669e-03  4.76512538e-03 -1.08057404e-03
  4.48573664e-03  8.83782008e-03  4.39101406e-03  7.92371745e-03
  1.20735086e-02  1.42183406e-02  1.72128249e-02  4.02243926e-04
  1.76209528e-02  9.78893555e-03  7.12111069e-03 -4.33724108e-03
  1.82020594e-02 -9.31125780e-03  2.78389457e-02  3.15829443e-02
 -1.90436530e-03  3.86633796e-02 -2.71520636e-02 -8.45755269e-04
  5.02125145e-02 -4.45191304e-03  2.05497590e-02  3.42272158e-02
  9.11570097e-03 -4.99236364e-03 -4.75396861e-04  4.17553820e-03
 -9.25151466e-03  5.60652858e-03  8.49606030e-03  1.06350422e-02
  2.96977104e-02  1.32387309e-02 -2.10462017e-02  2.36345174e-02
  2.89440403e-02  1.34831445e-02 -1.45812526e-02  1.24159095e-03
  2.34702275e-02  3.18071492e-03  5.11683583e-03  6.64140194e-03
  1.60867685e-02  9.98300273e-03  8.51435986e-03  1.70883539e-02
  2.14338541e-02  6.66576546e-03 -6.92695153e-03  1.50980452e-03
  2.51822830e-02  3.37271913e-03  1.05611376e-02  1.65551172e-02
  6.02085103e-03  1.06662972e-02  2.54835644e-03  1.20090428e-02
  1.17510089e-02  3.65965975e-03  1.88741219e-02  6.53720894e-03
  1.96829837e-02  2.31208595e-02  3.13599004e-02  7.18518508e-03]